$ANSIBLE_VAULT;1.1;AES256
32313337626661323939376365643037623130336666663062356566613132323835363035396663
3261613337316335343065366661663935626261323537320a616461346539316137303536393033
63346432643437626565396530363863316166306334613362393337333638303766656564363439
6130333936386330310a643561383739626439333131383866343130613262303033336137663931
66313163323865303838396230386636633033393733303365363333333265353638626633343531
30663762336639643365386337663230383734366665363835303866356165623734303834303535
38363762336139386130353231393339356232663564613761393065383665306531343436346564
36356238613230386631343466343239363335653835383462383537343961326663633830653839
64623262633661346334623966616134633436326633656365373635613632346335346238653761
61323636643862623333343462343836376565326562636534626235393161306330333366353437
35336438326137636238633336353563623233393836666532323961616233323366303865636132
63663766613763363633313366336235666664646466666562373163663766323437363033623231
35363933633639326336376162336561633165363933333731643635313636643331313537613438
61633231653866373033353733393038623062636530616135643232633736616665346162633234
35646538623564623733363066363565343236653866383632353533623938663332656334373264
31656338323564626363373764306534626236396333623663373636613163303465343063613335
37316234313633373037363664643961616561653134316261346138656633303164313834316364
62326335353965326662343031326630643666383036656132383637656436306161366435326663
35393863336265306166363832616336353564313730663538363233643338616530326635623564
64303065383062633563393337613235623261326564666432306530616234643937323936303066
37613932366535323864313634323764343831343330353133353062306538613132353066383566
35346262303262383663616633313838326236653533666336333330623566393666643066303765
63353735626337333030366336663866653665383738663430613961366138313866643963363832
39323536383131326538613761343339616165396561393961373865333835383431313963373863
32386530633461643332336661326164663531323863313137373638343232636632656237666535
33323766353730383135353838366165333262653036396231333631313235653634303066643937
61666431663761303439303131663161306130333464613433623036393563613936396635656366
34363839646263646138666230626333333238356439346365336232376234353262303166303038
37646564343637326435646664633663666135373238393633613235326366643965373634396130
36326131666533366530343734653761363762383739653465623035396635666335636337633364
61316234306139336261633364373533313734643735633032666631326437306563396536356639
66643265666238653264623364656562373936326566633234393833393433636339333836316561
61636134373037303831366639333235633036346266393138333439643066316265336132653335
38346533396563373766323461376236303837633431646132363831666633666433343864386661
39333330343139663461626236633062383363306362356138613739333863666632663135636538
30303937633836666632386435616239326564393364306164343531376436626633373266333335
63303130356630666337626438346364663133396365663031303564323236666566646138363464
61613531366635363439396364393932653762366564393335616362356663353165626366323832
33353263653630623863353735323739326235386338353366383133343464656531663139613136
65653536626630633535333162613331623136636162633434323233366666643630353834353134
37333065343539303465613135356338653763343939616237333930666533343035353636663834
62613738306537373131323138383732646137623032306130343338666632636435346462616263
65303061386238663634636435373063343266393062306635643532306231663732376234616365
30303633663633626662323865303839386132376333383166333636393830646435396636633061
36333130373962336331623464613361656663323730383534653666623164383838636434653030
39653162333431643832316131373431653533306663323938396163306362636238366539663263
38376635343836643464376563636335313866303762343661363032353433663933623265333663
37613237646364663337623663383265353137353230336334626162313264356430386561323964
62386663393435623436636536663461613430646133623035633632613230383437343232346463
36313930383635346365653664333731306462646265323830613963613636393063376165396536
38633161356362663236663332623338646561323430343763363138613337323231343038313932
30623564653936663937343233363861303738363933633939626232663366326662303035616331
36316663636130333634346561613132303030616234373233353966623435666339333231383130
63343538653063666661666537326162643863623534386533353331626230613433303639383361
33333437303730643861376563316435346363616234356534393938613236666632323766643864
35376263383431396139313736313631313733633935333130656463383339646538653165643433
65316263363164363732313366333135336235313538383336623432623236363034396131366664
64323061306539653861626636343136303730393736653939616231313265353136656562323539
37613938633333393364626139356135646332656235643237366666376130313962326435643966
34653865303631366434343931376361383432333333353534363865346130643933633433316431
63396533633963333737383562633536646165373430356538386134616362643339353934393166
64346264316531616666336638353734653066333535313334333935666531626635356634333964
36613930393163653535623832316633646139383535323033383430643064303266383163396162
34643531373863383535326232343536323862643238343333346130633034366231333161633935
61623561666165643732343733313664313633633463613733363035386162323630656639366133
61616236353035633764393137633766333035656637336334326661663965333263336430363635
32383035363832316638373332383930303733383631353834623931376465336533636663366163
38626533303239666262646664306165363137396233313163366533656532633034343965666233
38616134323264356363393033613131616237376364356332303933663735396266363532363063
35636163303965636131323565316630633133636234376337303634626431633631333231623336
39643031333331373233313438303564616662313630333866366466333034396464653065356132
66616266333065626335396434333966623561643635666231313864326237363736663535326131
35636635363366386638663765373337393938356438636164656438386238626365306561306131
32376337366361613663393137373862333737643835326539643933613765346232653930373661
32653865313163373262643034383232353834646163663630373038653033616433396438343738
63626639336331396164376461383564313937633633643735396162373234336334653837623737
34656137613130376666656162653262346162343164346439386239343637366563663364346539
37323762666362623563393433656237363038653163306634363364393764643666643966616233
62383730306235666631616634333837316332356434646139336131366637616639633965623638
66333731303139383934333262363261636530373463366139643436356363373236663463333331
30653466376264373233303731666663363835346530666231633765623364353263323066336336
33373764386261353832356165623664376664643663393064383162633730303636373430353839
32313236303734623266663161336332396465363232373332303438333336326461666263663365
64666435373662356166396637383862393834656439346331313662396331316363333764323437
37313262326530646632353832303561633634613035376463626132626662626636646566656530
63373461623839346638313431643239666334363933623531336664313730623232626263656639
31323566356631396636643765393963656537383430636161326136326265353563313838666236
31373532623430306432336534373337636136643839616666626338393937656634366336623130
39633562386337373333313231663533373464333461613630303536336534633330663461373639
35336638656138306530383963333036333866363163323166333432386663323932623963383636
36343130303534646438666166653535636465333135383666333938366662653738616138393761
37303263633436393864313333326637346339623365373864353566626538353766636538646466
30313263323266326634333730383630366339643337316430323038376564326365616636633335
33656234396266386538393964383763663137313965653362316539383536363232373035613962
65643064636337656639363563633062393438663166666363366362653538366630316462343138
39333262366533383362613463396332376639336437613635616361396165666439383566313135
35313031393362306239336237373839303065306431313561306664656265323037666162346132
35633562346162313565376565623864373664633332353264626231643664396338633136323236
65313235333664653965303862326231653561383532373735343065363237323164363439633336
65623933396230303039656238363234333634373333396263383663633566633864323362336435
39303963336139636436646534326334663935653237363634383936313136663237626436636436
35623436646664393935373733336164366231316263393764353638623561623865386531613664
37656265626432323536326631373833316135663766323365353164643836366538626532656432
33643938633964396466306239393966616633623439663036346133313031313035656332383262
65653734643332326663373138613337363630313732613438316538306266636635383735313263
62356164386531373539623362613534326239326131333566386632613434656661313239633338
31366565383132356362393066373761356634666634623331343232666234336634646163326632
39663930373661353537396264383739343565393532396165666232326162653733626531333737
61323835316161393563333162353964646635666636626230316337336466316165343030303435
32363034366566623835353730366461343633343566333162376663393132653064323437646538
63373165366437663562666339623861333737393031656637383034303837373735326233313336
30326533653330336362633539623230663032613336663866366135633165663561313738656264
34336335656463653430333534396335313532343466666137346135633631373531393038643634
64323633636330356231646531663637333264626335346362333039666166653762306664613162
33353532393636356134636464663461663663333136646134373662386638356265656132636335
37396136616164613339333430393961656333346236343166326535393865336534656536623536
63313636316364336464386430323535366230353932346265346239373032323637633630616537
62333738386561303161613130386639336237343566653834326134383634646632366533303535
61363965373861363036343231623462366233646538343430363930623634633833323566643163
38663237343036393663313332626261363862373833613333363962613062393765613366313337
36316135653731393831366339326661633764333139626366306338346338646630343961373239
65396463393862656563646531326166653063623736386632303234326531336233643764306237
31386336353234323537653130613031656639623135646431393431313964613862636335363061
31336336343263336133303739363563323734326438376462666335623636633465323166653235
64636631336263373866666637633731306437623761316337343563303532343136323138633936
64333962666631396539363138663031353763333033336539323535336264393537396439356362
62633336663335386339373361623461663035643639313438336335393036313061353666623231
36373561646437336538356238336339313163363063663561653635346465326461653237333666
61373865393338376665613165306132643239323038393062313239626661663930343935303634
62623436636565353836366561666663633266333633343161653733393931393236373433323161
62333332383637656334633433653462326533643935396565663933633566363034316331393937
31326535623862396533316337616130363263366538623634643030366333633433653066353032
38663264303032383638343462376432396530613339393962653838333535346163643135336630
62656630313461376561303532636664373832396634653639656161616137653961633264633834
356437666366373164396632656135623331
