$ANSIBLE_VAULT;1.1;AES256
35343932353931646231663839353031613532343563373933663338396235643361616438376466
3366303430376239393263343939633364316164383438390a663939393034666234346231353834
64633333333232633366313739396466623661363136346461636566643333613539626535366533
6431633466396338360a366464393966363361663461643038333734303131383861326533316365
65313466376633393362343237666262373739336331653636636261663939323039383634653334
33663636393461343531326131323738616137346433373563666337333138333336356561313466
37646330366133373136323866323333623838346331396565333132363636613962663063646233
65393936633362613861396537343562393434353532656561613261653934326439333563316664
32356262623565363738353239643736666362376633613239386637306637643639316336666136
34626538383564656438343264323665623361613832326134303231313964646362666664663165
34663432366266373235393666333864663630393362623937613538353033343633376365646231
32636230306438653032643536633236303730323766643335313764643330383362663962353838
39393638356266336638653363366336393435396664383866383562646535633164613736313464
30393765373161363838653365323766626536366164636266633734663637363930386339633438
66393565613930633030663161633666376464333464343464386236653662306666326630663634
30393436363863356239393132383265626637396563633639363632346461303132306162653562
33636564343032663130386439376163646365323836366565306233613862366465636666373861
30386466396430303635346561623666643432323364356136336330343066643130656562336230
31626130663465636263386232343837666439613931323463336634616163306262626534396163
33363339656265356239616461383064363937346264666337626132323235386533373765666334
65336238336330626439623661613934383232646134663537633763303861393738363264623638
31626265653534616264333166383664646639356238656464376561346338363363356161333032
62373537336231303734376135303366343839373264396563303833366335643430383966396463
64343766333439383639393931363566613531336538393163333638626365646530623662653034
37643962323866643862616534353430613661653731303065656263373532613761623036333766
34643065636634303335383661363931656564393361383032303531393664323436303235393737
30643437366565363132396538303838393535306236346438326339313538356561366165646133
66393434623038303663316239366661636461383431323861326331356564656361636165346465
31383937663337666663616430366466386462383363613330316332323336393633303033353561
31626236303663363130636637663634663334383331616132613038623663393839363334306366
36303332653031376563363538323764333639393733306133303137313238653366323432356563
30646138336164353665393833303031636332623730363139663065383333323239633664316366
32303361393135613062646266366336626666343330313830653266303837623666343437396136
66333536313636393733623934636363306563373331353433393033333866313337333465333536
64643463616237363364393737353030376439376139653032623863316333333261316632643933
39663663353165393763303262346566633961376233626263636439653131336239636235653766
35636130616539343530393634393334306661336336393239336664373739613235633330376139
32646435323561616365363932366331643330363538346331393939383234386561643232636163
37336333356436303032646534313734396161613963353361343631356137353739303330326133
61363662616135663130386233306432333538613631643962313034333839626432663265623331
61643866626431326630643566386461383133653939363063303336353732343965306137626462
36326163656464396432313839303538306638313134626666373231363539633434613232356161
63316331366164653230623964323339643264323936306162653633373965373039316236353834
35653965616432333332383466386563373066646234313134653930336634666162653166373662
62633734303066366636386262653963633563316232353366323735636631653737663337393230
30323662393962353630636466663037326330623736643033656134353638333130333139613932
30333234383761666239396538316636623538616230376236326131636334326537313432393539
39313938626330383432316130393634386261633461373137616439343635303733313139363463
30303530326639643361636133643364613965646465616562343032313061633966623865626530
33383430333566623131633063663936643665616162386437623732303364646431343661353236
63356431343562613535653764353134353565363534323638373265376637393831313639626265
37346334376438626238303539343731336565383932333566393131623232326364353433633534
65613235656534613035663730343635663938386537373132633163323461323465656231666239
61393562303664333664366234336561386238643038356165346139373661363338643235643462
62313165376236346162383463626362666565333639376435653665333337663238356666626133
38313038386433653263636262333032613563623763346336346231306265613838393238393233
66336539316235383730376162653730363566636463643035663766393334396662316266353162
62656465333337323966313066323138643239333034333434386339366564393765383632346635
64373532663738313966356639633331623566383762346537303733626561336531623766363864
31623865353930363534386139376662326135663436633235363466653761613036633230623064
31313762313737353165626337623562393033393266353831303338346338643562663939636165
64303365373264643830313330316433333037613738656530623631626162393839356333366566
64663665643161663730363831306365613762613865666337396266336662353136373539663138
39666162663934393465366137623939326431306333336630366263313032653265626431656235
33663535343631313765323336636463323039623862353635663133643339393831303137383239
66373132613464313631663231663763663765353562626464323133666333666132356235636336
33666666393632326537613662646130333562633231316365393439343634646366336134366130
38323339303935616531353034386363636230643235373666383638383131306531333066333465
30393262393031326563323936326332363133623835343764323039613837356366343333316539
35353762626639646639323032366135316262613139643438376232626535663936633762613335
38323632393034323831386337353334313663636264323537323261633830653761666661346632
36323466303663323437336136353862366166346538646235643863363836343433643236366432
62323233616135623264386438356337343064343039626633623066386132646330616461363535
38633337633332313233323266623734636131333162383564313230633063363136363538643832
34663839633262386639323338643738643466363635336438326337303230346236356634313032
32343139643738663234613336626530643836333963393534346165343462643438326666663565
65323865363263366134313330393362373635323838626333366339386230633866353132653166
39613338303166666234646330643537646434353662333461323938666539326436363135653734
34623634376162613934396331663833326634623237616139616430616361366331383539313738
39353834363139643462366139376465336266633731346561393234616531636438333539393035
65343532653030393033386461666262336463616637313361623038643637633162303235326361
34373735323363666237656331663766653534636364313661626136663262373366343335373937
34656665376232343661393533643538633763393933653639326630303839386539303266386363
61376238363164373330316663316662626264653638666633663762616134666466313635363532
66623033326237353033313665636135323538636166353638326139393462663966636531336662
33666138353939313864613037343264336563636663393464643338363836383432623331373366
63663062343338643765633234396230303936653435613539376263383961363934636436346337
39626239303039353437656563613534633433623531303534623061623065666330323765303932
39613562633933373063316262353733353433306465356330643032613030643063623037633263
65653437333164353738363764303731343035316331616366646239376337656135323461623239
66326135333534316235626563633761353834643531343933336637393266636130323238303636
39353834396134333861303064396533373136313062663436353335666130653736653964373462
31396163373462313163663834353162366566343563623765653438366137643930313066366366
35343231333462323862633965393439636331306233353630616439326331646463303930353139
61373936643431616163346466646361653565653034623765663135666538616661626664373862
61633266316637323666616163346262313139626466633565313931313866386334316630333532
32623333383966376362613636356434333732373664376563363230333432346533393932363036
38393333663132313736303337663263393739396664363739323966326130633565613665346464
65613938616335623061316161323835303665653662626531323533356236636465613337343833
35626630653633333931386630633035383761373763333432633230643365373664366336633464
32383863333765663334356662376561353236303863376165616232643464336537626561346638
31303534613539386362393734373737323736643033363738316534663535656662663232653032
64616537323033336532613362336335306563663933663139353937646435623261343262616537
37323636663662666531323330353230343333613762356464323330376531303364313137316532
30663766373237303964633936616362366330383135323862343836653237373963383938373931
65633430373935323234613733363163643734306430616534376433383261393862626532636462
63613733663739643331313534373630353266373032353565373262303965626239353936353236
64653635323038333539646637343136353465663937313061646431363333386231633062386365
66363133316339343966313231333636613465336638323461326130393561666531656665306438
35353364656364633030316134306465323433643837643066356534326238623161373630363639
32396261616166396130356361656431663133666333623937653832323265616236333866636164
34656139393661626166663732373161663933393336383832356365646238663237306237613130
39653864653766373637666363643037336138353831326637646632356636353665633135326366
31323432346163373435633739613937383737303333376635613462396265616530623839336561
64333065303539353438323239613631663832663733303366343536653134663664393730653539
30643532396565613465613262306335303837333432346139613935623366303237666466616661
31393231653836373232613136396265326334646634363963666662663261656666613661386335
36623034393661386233663362623135313936633938303262643364346536633761306532366335
36623033346239383839646633343634666432613632313764623361656637313030323237626338
32666661663033393761636362396439323435323661396234326339333135376663326633333665
39653861613464393838633561663734383762316138616161616433353762643634303535383863
62623634656464326332613935663734616563306436663563333431306665393737373465313565
61646561343361653039666436366566346465623961643038646436336662346565336339353566
33663061346166313662383539313163323233323364346332326338653966353733303931396534
31326138653836323139643031613835353661666165383332326562373662393037663039323932
61393361646562303439333664653336616431376336333230646135663465643435623436383230
30316135633234326263303761353330313836316264386638393262326639376265353433383161
36353734316636333238636330336134376338333433623830656132373830363831633531393533
31633435666461633139353239386531646536616331613939373438323932373363356439616430
63333536306230613939343033383232313961356133353031383633303861633139636163386362
65376435663032333334656661636565303830663039336333663066643139343165636432386438
34316133333663623339326361326238353837383062356530616661343265653030666561613731
39366338633861313335616365313465666365306230653031643734393663663534656239393139
6430333064346163646362353138626662313336356434653566
